
11314340    [[-0.71240234  0.70703125]]
24889392    [[-0.09649658  0.08428955]]
11409972    [[-0.54980469  0.40429688]]
11338033    [[-0.74462891  0.69140625]]
10184653    [[ 0.57763672 -0.34887695]]
5287969    [[-0.40332031  0.45092773]]
6450551    [[-1.02050781  1.04785156]]
11364421    [[-0.60839844  0.46386719]]
9926054    [[-0.42797852  0.42553711]]
16007391    [[-0.39819336  0.42138672]]
5328940    [[-0.36767578  0.24584961]]
11234052    [[-0.62402344  0.60498047]]
11656518    [[-0.78271484  0.64892578]]
6918454    [[-0.45751953  0.55517578]]
156414    [[-0.26318359  0.27099609]]
9933475    [[-0.73486328  0.69482422]]
11626560    [[-0.76464844  0.74707031]]
3062316    [[-0.47021484  0.33911133]]
156422    [[-0.21533203 -0.01407623]]
44150621    [[-0.10797119  0.15026855]]
176167    [[-0.04626465 -0.02572632]]
176870    [[-0.83886719  0.86425781]]
42642645    [[-0.5546875   0.51855469]]
11717001    [[-0.66064453  0.53320312]]
16725726    [[0.01524353 0.09008789]]
11617559    [[-0.42016602  0.43310547]]
123631    [[-0.65332031  0.70800781]]
5291    [[-0.62646484  0.53515625]]
4908365    [[-0.22595215  0.56738281]]
11427553    [[-0.34545898  0.40600586]]
208908    [[-0.74462891  0.71289062]]
126565    [[-0.19641113  0.21105957]]
11485656    [[-0.58789062  0.46850586]]
9929127    [[-0.68554688  0.86279297]]
11712649    [[-0.44311523  0.41796875]]
10074640    [[-0.52001953  0.38452148]]
51004351    [[-0.31762695  0.15270996]]
11667893    [[0.07562256 0.07818604]]
9915743    [[-0.46899414  0.49731445]]
644241    [[-0.609375    0.53222656]]
447077    [[-0.37768555  0.29077148]]
10461815    [[-0.29833984  0.32714844]]
9884685    [[-0.33520508  0.41381836]]
24180719    [[ 0.22167969 -0.11541748]]
25243800    [[-0.15527344  0.29858398]]
10113978    [[-0.37646484  0.39208984]]
17755052    [[-0.61523438  0.44775391]]
11984591    [[ 0.36645508 -0.22387695]]
153999    [[-0.34057617  0.24072266]]
25127112    [[-0.20629883  0.31762695]]
176155    [[-0.42382812  0.45898438]]
24779724    [[-0.10375977  0.16845703]]
3025986    [[ 0.59472656 -0.41723633]]
10138260    [[-0.13208008  0.02583313]]
10127622    [[-0.76611328  0.76855469]]
216239    [[-0.55273438  0.5546875 ]]
44259    [[-0.28369141  0.11218262]]
5329102    [[ 0.16589355 -0.07800293]]
16038120    [[-0.69238281  0.57128906]]
10427712    [[-0.29736328  0.37719727]]
16722836    [[ 0.88867188 -0.93652344]]
3038522    [[-0.47680664  0.28637695]]
9926791    [[ 0.34594727 -0.40698242]]
5494449    [[ 0.10778809 -0.20483398]]
3038525    [[-0.14868164  0.29614258]]
3081361    [[-0.65332031  0.65527344]]
9809715    [[-0.72363281  0.60498047]]
151194    [[-0.63232422  0.6171875 ]]
